20216
17708
17394
21283
20495
18525
18047
21559
17571
26738
15039
25936
171147
16726
20214
24904
22434
14079
23171
21521
21335
14904
14468
14476
14963
17052
48516
25508
16373
15687
20357
22563
19883
16347
21262
19478
20297
17806
16046
14474
14446
17845
20587
14147
22401
16900
13976
14047
14487
18252
18304
20982
18971
15688
16338
19557
17304
18402
23499
17645
14214
16755
18458
29798
19497
15785
20356
18064
14514
17458
32275
15250
16136
18485
19166
20623
22920
15815
34528
32624
35706
14141
18192
17186
19891
17561
15017
18779
13789
17438
18879
19094
19496
19807
20950
25360
19312
28731
24976
23271
36080
17104
17222
14816
20559
17155
14638
15727
20355
19765
21735
21233
20412
19982
20319
20837
21949
23390
17427
23155
19290
29133
14416
15227
16917
13650
19606
20140
17926
14973
17721
20396
17683
15296
18431
21296
22875
22679
21448
20955
20435
19635
19611
19778
20394
21612
21982
15498
16209
29209
14123
22443
19258
19249
17938
16768
17529
27057
38191
20767
16506
17873
20413
22363
22052
18939
18754
18666
18582
18574
18832
19151
19492
15163
22586
28656
13800
23800
24384
16793
13774
15396
15637
24416
34325
43466
27143
19144
48484
15336
17251
19523
20326
19599
17633
16801
17084
17929
18426
18448
18311
18367
15096
25319
28879
14544
13816
14341
14131
21134
29737
37154
42279
13682
14560
16498
16841
16375
15994
16181
16714
17878
18714
18223
17417
16647
14534
25841
27204
20589
13660
17561
24822
31734
35349
13825
14523
14922
15830
16469
17439
18141
15646
14405
17632
22251
18077
19323
24937
28192
14160
14858
15587
15948
118836
16546
17408
13944
13777
18498
20400
19484
92277
13840
65679
44564
29095
18300
16542
33661
15883
14266
39820
34334
16199
13847
20595
13901
116288
16227
20331
15945
16755
129538
16377
19338
15347
26537
16996
45073
17938
19179
17358
17170
18873
26485
126068
14379
18252
18808
14585
13676
14874
14359
124909
16315
18793
18217
18551
21456
128545
16534
18486
17504
16870
19665
20263
16346
15019
130326
17171
18199
17364
16428
15876
14915
128437
17253
17835
16000
14281
14995
14389
125931
17102
17556
15717
15314
16816
124492
14595
17031
17030
15441
14137
18081
19667
20187
19644
124811
14413
17110
18118
16502
14141
18736
21346
22874
14659
128009
14195
17354
18555
17538
19415
24329
25894
15830
133108
18646
17070
14452
18013
20537
18342
133236
16255
23598
32918
35388
18870
17822
23028
20030
128454
14416
22272
31430
36653
16581
21395
21043
21060
20817
29448
36326
22434
21196
24210
15172
19979
125598
19392
28454
36057
13765
25486
25167
18443
22443
25462
35033
13987
25344
23595
28951
121206
13682
32098
13747
23091
22384
26266
112699
20245
16113
43083
17429
14090
13661
23140
24112
21332
20417
22755
18780
17678
30736
14076
14524
30390
100725
27498
39483
14638
14209
28115
13990
23000
38020
63488
14482
15800
16355
16427
16083
15816
16085
16964
17092
17266
16301
13734
176789
16115
18866
21016
22718
24126
25596
26700
26777
26090
26638
28121
28094
28526
25897
282251
17352
20757
23350
25751
29085
32094
35171
37166
38883
38483
38777
41722
44842
46101
51774
14194
16918
21689
24218
27042
30048
34120
39403
43041
44547
46249
47989
24406
17562
20332
23923
15375
19686
23741
26134
28105
14374
14348
23779
27135
33016
22409
28680
13824
28267
50343
15010
61841
14672
16984
18554
18808
17879
14816
126233
15183
18032
20599
22194
22614
23791
24529
21158
16869
13846
14285
14370
14163
194166
14507
17352
19976
22381
23873
25769
16090
15934
16206
16730
16784
17078
18213
15124
16164
14958
18419
19880
16938
19538
20758
22174
261398
15470
18371
20591
22166
23502
25201
20156
14398
20225
19293
20318
26866
27810
284409
15815
17839
18390
19141
19443
19502
19673
19229
19270
22610
17267
18943
17182
16226
19329
21693
24173
17669
229971
15566
15744
14867
13901
81772
14121
75889
14611
14524
73573
15191
16407
72491
14345
16267
14908
71280
13822
17398
15968
70816
14103
17366
17682
70595
13692
14124
13710
19290
15648
14150
14928
18717
17528
68333
15233
20340
14915
13956
14934
13862
19409
17033
15970
18030
18169
66160
14989
15280
19558
64935
15129
16908
19384
14008
65414
17054
18381
18800
14107
64947
14868
18518
14455
17419
19890
21666
62802
20476
20144
22712
60412
22133
14731
16735
56753
18976
18971
14854
18934
45194
15556
18211
13909
23416
34015
48043
67395
14173
13996
14193
15558
16449
16542
16266
14053
15821
18493
18454
17958
16347
14950
152291
13746
18753
19338
19368
18969
18198
15027
13743
18326
19857
20229
20483
20136
16504
15376
17999
20049
20812
21609
21357
19700
18369
14887
13898
15388
20147
20792
21966
21806
20248
19629
19197
13664
195025
16958
18486
19553
21143
21330
20748
20552
20517
19408
193930
13763
15547
19866
21293
21592
21812
22545
22442
15845
186560
15744
21379
22867
24029
25531
26366
19381
16542
24495
16241
20304
19710
23425
19505
15271
26098
22775
27275
14335
24307
182055
18391
30819
32774
26906
179735
15459
25576
36235
38999
170540
18209
17638
34965
27670
145793
28090
31374
96923
13672
23752
35339
48802
62108
13856
28548
17558
25317
15293
85220
17384
14292
17012
20171
17667
157442
15173
22665
19208
159276
25877
29588
20789
15347
156492
26285
29639
20690
21874
154906
19725
29786
30907
29189
19833
14551
152249
13666
19434
28846
29619
26073
15526
14354
148317
13948
18447
23724
26804
26345
22551
142687
16784
20736
23151
18687
137038
15510
16978
18546
15049
16601
131513
14384
17420
15751
14425
125689
14996
16149
16447
119742
13817
14225
14174
13841
14355
14652
14386
18374
18248
15157
97467
19227
13977
13884
98155
30032
15580
97184
13863
30735
21667
90149
21332
18243
76265
19215
55046
15427
14495
33673
67728
68108
58067
51926
47852
45359
43793
43061
42584
43153
44172
45657
47963
50866
54785
60467
62993
13916
24844
38266
54135
32745
14665
